1
0.001
"TE"
20
0.00000000000000000
9921.00000000000000000
4
9921.00000000000000000
18849.00000000000000000
4
18849.00000000000000000
25000.00000000000000000
4
25000.00000000000000000
30000.00000000000000000
4
30000.00000000000000000
35000.00000000000000000
4
35000.00000000000000000
40000.00000000000000000
4
40000.00000000000000000
45000.00000000000000000
4
45000.00000000000000000
50000.00000000000000000
4
50000.00000000000000000
55000.00000000000000000
4
55000.00000000000000000
60000.00000000000000000
4
60000.00000000000000000
65000.00000000000000000
4
65000.00000000000000000
70000.00000000000000000
4
70000.00000000000000000
75000.00000000000000000
4
75000.00000000000000000
80000.00000000000000000
4
80000.00000000000000000
85000.00000000000000000
4
85000.00000000000000000
90000.00000000000000000
4
90000.00000000000000000
95000.00000000000000000
4
95000.00000000000000000
100000.00000000000000000
4
100000.00000000000000000
110863.00000000000000000
4
110863.00000000000000000
125000.00000000000000000
4
20
0.00000000000000000
11901.00000000000000000
4
11901.00000000000000000
19965.00000000000000000
4
19965.00000000000000000
25000.00000000000000000
4
25000.00000000000000000
30000.00000000000000000
4
30000.00000000000000000
35000.00000000000000000
4
35000.00000000000000000
40000.00000000000000000
4
40000.00000000000000000
45000.00000000000000000
4
45000.00000000000000000
50000.00000000000000000
4
50000.00000000000000000
55000.00000000000000000
4
55000.00000000000000000
60000.00000000000000000
4
60000.00000000000000000
65000.00000000000000000
4
65000.00000000000000000
70000.00000000000000000
4
70000.00000000000000000
75000.00000000000000000
4
75000.00000000000000000
80000.00000000000000000
4
80000.00000000000000000
85000.00000000000000000
4
85000.00000000000000000
90000.00000000000000000
4
90000.00000000000000000
95000.00000000000000000
4
95000.00000000000000000
100000.00000000000000000
4
100000.00000000000000000
109222.00000000000000000
4
109222.00000000000000000
125000.00000000000000000
4
18
0.00000000000000000
12067.02000000000407454
4
12067.02000000000407454
21349.34500000000116415
4
21349.34500000000116415
28489.59500000000116415
4
28489.59500000000116415
33982.09500000000116415
4
33982.09500000000116415
38207.09500000000116415
4
38207.09500000000116415
41457.09500000000116415
4
41457.09500000000116415
43957.09500000000116415
4
43957.09500000000116415
46457.09500000000116415
4
46457.09500000000116415
48957.09500000000116415
4
48957.09500000000116415
51457.09500000000116415
4
51457.09500000000116415
53957.09500000000116415
4
53957.09500000000116415
56457.09500000000116415
4
56457.09500000000116415
58957.09500000000116415
4
58957.09500000000116415
61457.09500000000116415
4
61457.09500000000116415
63957.09500000000116415
4
63957.09500000000116415
66457.09500000000116415
4
66457.09500000000116415
68957.09500000000116415
7
68957.09500000000116415
70957.09500000000116415
1
