1
0.00100
"TE"  
20
         0.00000000000000000
      9921.00000000000000000
1
      9921.00000000000000000
     18849.00000000000000000
1
     18849.00000000000000000
     25000.00000000000000000
1
     25000.00000000000000000
     30000.00000000000000000
1
     30000.00000000000000000
     35000.00000000000000000
1
     35000.00000000000000000
     40000.00000000000000000
1
     40000.00000000000000000
     45000.00000000000000000
1
     45000.00000000000000000
     50000.00000000000000000
1
     50000.00000000000000000
     55000.00000000000000000
1
     55000.00000000000000000
     60000.00000000000000000
1
     60000.00000000000000000
     65000.00000000000000000
1
     65000.00000000000000000
     70000.00000000000000000
1
     70000.00000000000000000
     75000.00000000000000000
1
     75000.00000000000000000
     80000.00000000000000000
1
     80000.00000000000000000
     85000.00000000000000000
1
     85000.00000000000000000
     90000.00000000000000000
1
     90000.00000000000000000
     95000.00000000000000000
1
     95000.00000000000000000
    100000.00000000000000000
1
    100000.00000000000000000
    110863.00000000000000000
1
    110863.00000000000000000
    125000.00000000000000000
1
20
         0.00000000000000000
     11901.00000000000000000
1
     11901.00000000000000000
     19965.00000000000000000
1
     19965.00000000000000000
     25000.00000000000000000
1
     25000.00000000000000000
     30000.00000000000000000
1
     30000.00000000000000000
     35000.00000000000000000
1
     35000.00000000000000000
     40000.00000000000000000
1
     40000.00000000000000000
     45000.00000000000000000
1
     45000.00000000000000000
     50000.00000000000000000
1
     50000.00000000000000000
     55000.00000000000000000
1
     55000.00000000000000000
     60000.00000000000000000
1
     60000.00000000000000000
     65000.00000000000000000
1
     65000.00000000000000000
     70000.00000000000000000
1
     70000.00000000000000000
     75000.00000000000000000
1
     75000.00000000000000000
     80000.00000000000000000
1
     80000.00000000000000000
     85000.00000000000000000
1
     85000.00000000000000000
     90000.00000000000000000
1
     90000.00000000000000000
     95000.00000000000000000
1
     95000.00000000000000000
    100000.00000000000000000
1
    100000.00000000000000000
    109222.00000000000000000
1
    109222.00000000000000000
    125000.00000000000000000
1
18
         0.00000000000000000
     12067.02000000000407454
1
     12067.02000000000407454
     21349.34500000000116415
1
     21349.34500000000116415
     28489.59500000000116415
1
     28489.59500000000116415
     33982.09500000000116415
1
     33982.09500000000116415
     38207.09500000000116415
1
     38207.09500000000116415
     41457.09500000000116415
1
     41457.09500000000116415
     43957.09500000000116415
1
     43957.09500000000116415
     46457.09500000000116415
1
     46457.09500000000116415
     48957.09500000000116415
1
     48957.09500000000116415
     51457.09500000000116415
1
     51457.09500000000116415
     53957.09500000000116415
1
     53957.09500000000116415
     56457.09500000000116415
1
     56457.09500000000116415
     58957.09500000000116415
1
     58957.09500000000116415
     61457.09500000000116415
1
     61457.09500000000116415
     63957.09500000000116415
1
     63957.09500000000116415
     66457.09500000000116415
1
     66457.09500000000116415
     68957.09500000000116415
1
     68957.09500000000116415
     70957.09500000000116415
1
