1
0.001
"TE"  
20
         0.00000000000000000
      9921.00000000000000000
2
      9921.00000000000000000
     18849.00000000000000000
2
     18849.00000000000000000
     25000.00000000000000000
2
     25000.00000000000000000
     30000.00000000000000000
2
     30000.00000000000000000
     35000.00000000000000000
2
     35000.00000000000000000
     40000.00000000000000000
2
     40000.00000000000000000
     45000.00000000000000000
2
     45000.00000000000000000
     50000.00000000000000000
2
     50000.00000000000000000
     55000.00000000000000000
2
     55000.00000000000000000
     60000.00000000000000000
2
     60000.00000000000000000
     65000.00000000000000000
2
     65000.00000000000000000
     70000.00000000000000000
2
     70000.00000000000000000
     75000.00000000000000000
2
     75000.00000000000000000
     80000.00000000000000000
2
     80000.00000000000000000
     85000.00000000000000000
2
     85000.00000000000000000
     90000.00000000000000000
2
     90000.00000000000000000
     95000.00000000000000000
2
     95000.00000000000000000
    100000.00000000000000000
2
    100000.00000000000000000
    110863.00000000000000000
2
    110863.00000000000000000
    125000.00000000000000000
2
20
         0.00000000000000000
     11901.00000000000000000
2
     11901.00000000000000000
     19965.00000000000000000
2
     19965.00000000000000000
     25000.00000000000000000
2
     25000.00000000000000000
     30000.00000000000000000
2
     30000.00000000000000000
     35000.00000000000000000
2
     35000.00000000000000000
     40000.00000000000000000
2
     40000.00000000000000000
     45000.00000000000000000
2
     45000.00000000000000000
     50000.00000000000000000
2
     50000.00000000000000000
     55000.00000000000000000
2
     55000.00000000000000000
     60000.00000000000000000
2
     60000.00000000000000000
     65000.00000000000000000
2
     65000.00000000000000000
     70000.00000000000000000
2
     70000.00000000000000000
     75000.00000000000000000
2
     75000.00000000000000000
     80000.00000000000000000
2
     80000.00000000000000000
     85000.00000000000000000
2
     85000.00000000000000000
     90000.00000000000000000
2
     90000.00000000000000000
     95000.00000000000000000
2
     95000.00000000000000000
    100000.00000000000000000
2
    100000.00000000000000000
    109222.00000000000000000
2
    109222.00000000000000000
    125000.00000000000000000
2
18
         0.00000000000000000
     12067.02000000000407454
2
     12067.02000000000407454
     21349.34500000000116415
2
     21349.34500000000116415
     28489.59500000000116415
2
     28489.59500000000116415
     33982.09500000000116415
2
     33982.09500000000116415
     38207.09500000000116415
2
     38207.09500000000116415
     41457.09500000000116415
2
     41457.09500000000116415
     43957.09500000000116415
2
     43957.09500000000116415
     46457.09500000000116415
2
     46457.09500000000116415
     48957.09500000000116415
2
     48957.09500000000116415
     51457.09500000000116415
2
     51457.09500000000116415
     53957.09500000000116415
2
     53957.09500000000116415
     56457.09500000000116415
2
     56457.09500000000116415
     58957.09500000000116415
2
     58957.09500000000116415
     61457.09500000000116415
2
     61457.09500000000116415
     63957.09500000000116415
2
     63957.09500000000116415
     66457.09500000000116415
2
     66457.09500000000116415
     68957.09500000000116415
3
     68957.09500000000116415
     70957.09500000000116415
1